1613 5058 
974 3268 
9351 8746 
1849 1664 
5749 8239 
8858 7931 
742 8632 
969 4711 
2713 8754 
514 6984 
8278 187 
6448 3320 
2325 7716 
2300 5843 
3114 8915 
9811 2857 
4254 3969 
296 2717 
6856 1868 
3849 9969 
1092 4774 
2173 5424 
4317 713 
7569 6158 
7987 2118 
8925 1553 
9101 113 
3687 9873 
9383 9484 
3481 596 
6237 8537 
2179 2203 
1019 3028 
504 7983 
1022 9012 
2604 959 
1332 8657 
2171 8006 
519 7137 
4555 3392 
3084 1419 
2724 1449 
1570 3158 
1229 7831 
3814 5699 
9252 6839 
2460 7477 
7052 6714 
2978 2054 
8441 793 
6890 7591 
9043 873 
4429 8470 
6529 6102 
6179 8205 
4073 8892 
6094 5729 
6681 675 
3730 4803 
1073 3569 
5655 1057 
1744 2490 
6882 8003 
5676 9895 
5056 4823 
9707 2438 
6260 2929 
4653 1471 
5509 3619 
644 7439 
387 5906 
1216 5135 
6631 7083 
872 697 
2526 4999 
8808 6736 
5452 9309 
9204 9005 
4587 4993 
780 7062 
9534 5683 
5171 7610 
2836 5067 
1353 4926 
7643 7346 
8136 6394 
3524 3169 
6816 2633 
6050 3685 
2856 3863 
2523 7775 
709 3129 
139 6626 
8804 409 
4930 5204 
5472 9948 
878 5255 
9410 9061 
75 817 
1237 7616 
9105 7357 
5055 7583 
1399 2052 
2068 2878 
8679 6675 
8696 9365 
7474 5733 
4109 91 
9458 2326 
8906 5490 
5804 8274 
6465 1537 
4225 5835 
8047 7563 
1958 8466 
6878 4522 
1151 6261 
4226 7226 
1515 6398 
9528 9802 
6096 6976 
6371 7082 
2292 8789 
1467 2846 
9155 8985 
5506 8399 
9347 3746 
6319 2685 
4548 6228 
7723 6782 
7272 1233 
9246 2848 
4123 8012 
4127 2104 
1314 87 
8899 2043 
7851 9987 
1979 7825 
2048 7281 
3913 4380 
8075 2675 
4363 1051 
3873 7453 
4528 2463 
8023 4554 
6457 1481 
9932 3324 
1394 541 
618 6689 
6917 1231 
2447 4157 
9727 5083 
8667 9 
1512 114 
4680 5298 
8117 5980 
5227 5779 
4448 8823 
5944 5709 
8544 393 
2577 6904 
8824 4718 
3348 371 
9892 3322 
4992 2928 
3165 9855 
2925 1242 
6079 5256 
7203 6035 
1942 395 
774 1252 
3461 318 
879 7920 
5391 2697 
7846 2186 
8281 9282 
4412 9546 
4358 1339 
9512 9683 
354 886 
5766 2868 
7187 3272 
3406 4420 
8461 1475 
7399 7434 
8516 4452 
2704 3974 
3867 718 
1766 1569 
2262 9401 
9021 9190 
614 548 
9893 8505 
7786 8564 
4947 1369 
2113 9923 
4597 121 
3011 8929 
4153 3714 
7074 1234 
6150 1201 
9186 1241 
6456 4734 
2893 5519 
7255 3020 
3810 7460 
430 8325 
821 2773 
303 7479 
783 1047 
9387 2585 
4503 8465 
8058 5970 
2941 8839 
402 9847 
7322 4247 
7915 9454 
7300 9965 
577 9069 
4304 8045 
8265 1356 
5457 8065 
2213 3243 
8762 9179 
3701 1546 
3868 3137 
8411 8512 
768 6119 
6486 6296 
5823 5033 
7016 5417 
5948 8270 
4326 1006 
4943 9406 
5797 9938 
2192 9853 
1025 9826 
9065 2036 
662 6320 
5694 2676 
2219 2417 
8329 5743 
4635 3756 
1993 9787 
5181 5748 
3238 5985 
3308 2790 
345 8420 
9763 9897 
4833 587 
5192 5300 
5160 1668 
8056 3413 
9286 2982 
3107 5015 
6573 391 
3952 6731 
9001 2772 
2409 6586 
2892 7528 
3189 5407 
6097 5710 
8316 1996 
7464 5065 
7652 386 
3264 8907 
7027 4651 
1212 5440 
4416 9413 
3816 6953 
7685 8610 
4795 4014 
7609 2413 
6346 5859 
6942 3458 
88 131 
4678 4278 
6704 9734 
2628 5275 
1879 3676 
9345 8227 
2096 2124 
6005 8513 
4789 6977 
3936 1745 
456 3440 
384 5306 
6757 5773 
6187 9378 
3606 4701 
8111 7243 
3298 1045 
8061 4979 
4685 4132 
6558 8148 
2977 3931 
7832 7042 
6476 9100 
9251 7108 
2752 8284 
3702 4614 
2397 4945 
9792 4626 
2060 5438 
1894 8071 
9740 6543 
8385 3871 
6270 8081 
8529 5550 
2691 3515 
4476 9239 
1912 7509 
2194 2465 
4093 9672 
1160 8163 
8811 6849 
390 8836 
400 6318 
1054 1085 
7750 3653 
6781 948 
477 2597 
237 3219 
6574 2078 
3734 9161 
9216 2575 
1761 7398 
7194 8273 
7049 479 
6909 1867 
2974 4357 
5986 2696 
8100 9511 
9720 4031 
8443 2200 
6405 5833 
8389 8747 
6378 2768 
1585 3861 
6090 5705 
8007 2140 
4149 9310 
6738 8178 
5504 5267 
5361 2601 
2199 8321 
8778 9171 
8342 5924 
5997 3979 
1262 6513 
1213 4822 
8118 7619 
6028 515 
1564 1513 
8944 1248 
2506 1100 
5690 758 
3087 3239 
2174 2849 
1418 8842 
7038 9367 
7309 2250 
7459 7912 
3838 5024 
3968 1625 
9354 9887 
4715 2871 
2574 3864 
5392 5521 
7112 7527 
7162 6271 
3360 5038 
777 2321 
6597 1087 
2286 5660 
3754 2201 
9303 2475 
9871 553 
1924 9247 
8366 7501 
7766 8686 
1386 776 
6938 8850 
6518 1597 
3480 8767 
2166 6489 
1660 9368 
3399 2898 
8978 2747 
1786 5419 
3551 1896 
895 798 
9731 7841 
7646 1108 
1983 2664 
4265 9522 
8820 940 
9087 2196 
5195 9666 
8351 6828 
6729 6239 
5286 8547 
349 671 
6449 1771 
1362 2154 
7296 8833 
7484 7421 
9725 424 
7854 4721 
6997 7329 
1058 5002 
9450 4033 
4667 5933 
7338 9608 
9976 7310 
5589 9035 
4974 4334 
8787 5515 
59 5677 
4643 8588 
698 7496 
889 3366 
8683 9653 
1506 6423 
7123 5852 
5672 987 
1596 888 
9002 4966 
721 7461 
3275 4029 
1600 4320 
6538 1889 
8784 588 
2189 8090 
582 802 
2191 8156 
3539 3115 
4821 389 
3630 4863 
9260 1662 
1852 2135 
9655 229 
7223 2220 
9398 4708 
5137 8196 
2509 5648 
9781 9600 
681 9439 
1292 7909 
9006 8678 
1787 2049 
1112 1922 
9272 6838 
248 1640 
8885 540 
1101 4618 
7392 3564 
5681 7064 
2869 2235 
9122 8120 
6611 3371 
9254 4941 
7164 6606 
2976 2028 
8025 2025 
3354 6337 
2042 4173 
3283 4084 
8355 4030 
6026 11 
8220 2876 
6295 7238 
9540 8114 
615 2944 
8101 3672 
654 3583 
5541 2606 
7130 4738 
2659 8360 
843 4413 
604 7245 
7623 8044 
7565 9058 
2995 5828 
2156 5450 
2539 2825 
8699 8121 
1464 989 
4462 2783 
6092 6912 
1000 9403 
1421 8302 
7668 327 
6298 5014 
364 9765 
8395 5507 
4111 6241 
2169 4664 
9205 6814 
2854 1855 
9955 2224 
6196 1722 
3375 3669 
6277 9224 
3161 7568 
715 1615 
8612 8508 
12 378 
8108 5106 
8777 9465 
5925 7319 
7442 5670 
1224 4023 
6708 8277 
5523 4160 
2945 6184 
3882 249 
691 6794 
8498 7081 
8335 6718 
3891 4255 
3387 3782 
2897 8993 
8015 658 
9673 5783 
1791 3505 
6467 1805 
6345 173 
4430 7742 
3334 4989 
5988 7003 
3811 5439 
8500 9178 
8757 9667 
6175 9751 
5330 282 
459 4809 
8365 3682 
9633 9625 
1602 2058 
4719 2619 
1688 7244 
262 7574 
6701 3043 
8964 2246 
5526 1727 
796 1700 
2766 7184 
2533 2622 
4544 827 
3269 5462 
8921 9659 
4100 2742 
7218 2882 
6033 6348 
7261 9745 
4924 659 
27 4192 
8238 2066 
2765 8960 
8057 1945 
1139 6500 
4485 9859 
3358 8955 
3377 1641 
7514 8768 
2612 3720 
5091 399 
7010 5157 
8736 7893 
2131 5740 
4606 5923 
9615 5888 
6017 3060 
818 914 
6403 5535 
505 6063 
3943 856 
37 2416 
189 8253 
1755 8094 
205 9917 
5868 1396 
1349 8491 
6153 7096 
8213 14 
7330 443 
7124 9119 
3574 6547 
8494 124 
1379 1947 
2150 3623 
3097 672 
1799 6070 
256 3365 
7378 4395 
9323 591 
5018 7030 
4376 4470 
4852 4444 
5027 719 
4910 8482 
5421 2304 
8919 5283 
4828 420 
5148 9150 
2718 8904 
6134 2547 
4390 2810 
2819 65 
4829 603 
3762 1326 
5274 1078 
6490 918 
4449 9428 
2961 4411 
1218 1658 
1874 600 
4753 2965 
7647 8738 
6364 6182 
960 7611 
2440 7270 
3058 8266 
6793 1298 
1953 4140 
9556 5260 
770 2106 
8690 8499 
8898 613 
1065 5163 
3079 152 
8435 2022 
5341 660 
5964 5566 
9444 6947 
6326 7927 
3347 4138 
1828 8450 
599 4566 
7146 8458 
4204 9463 
5479 7913 
532 9187 
6290 8049 
35 4892 
1897 1142 
7372 5553 
8622 8531 
8247 5777 
840 3456 
7297 4525 
8232 1677 
8550 9386 
3434 9415 
4338 2498 
4281 6554 
2020 2602 
6225 2682 
3992 466 
8211 9121 
4724 5574 
4666 5631 
3370 5711 
6131 8402 
869 5049 
5364 1422 
7688 7969 
2395 3635 
5282 8472 
954 3290 
7730 202 
9606 9337 
7506 8390 
2596 8572 
4427 1965 
857 7374 
5124 9167 
4262 7266 
7968 5297 
2693 2796 
5802 6961 
2342 7015 
9128 7526 
4893 66 
3123 5529 
5998 1936 
3369 1020 
9523 7975 
7989 7315 
8644 7436 
3047 2759 
7790 4321 
9774 581 
9013 2652 
592 1837 
3182 2709 
3224 8528 
9457 5567 
6104 4020 
3246 9233 
6221 8616 
8642 9557 
8089 6186 
2035 4290 
1759 2591 
8662 4340 
1527 4229 
1769 5212 
3277 3154 
6978 4164 
8940 3655 
3733 8975 
4783 1120 
7386 8084 
3980 4791 
1310 1666 
291 8412 
8484 3287 
1751 4061 
2285 6754 
6249 7696 
7432 492 
5029 1714 
1608 7031 
5957 8198 
8073 9162 
7657 544 
6099 7783 
8221 4641 
4095 2650 
5547 3973 
9929 4183 
435 8327 
5335 4582 
8460 5701 
7006 9034 
9947 9934 
9882 8674 
98 755 
1762 1603 
7236 3866 
9436 6635 
4400 6453 
3859 1798 
2740 3837 
8212 1687 
2344 130 
8551 8202 
9364 1285 
7828 1182 
482 6863 
4052 3563 
5601 9750 
8877 2349 
4035 9054 
9773 8652 
4873 2708 
3196 5422 
407 2142 
1294 1686 
6273 463 
8068 2875 
8828 410 
6192 6549 
2563 2967 
4894 160 
185 2729 
6677 7298 
7645 1887 
3316 5919 
651 5293 
6800 2631 
7071 5498 
5671 4201 
6231 5845 
6889 6897 
8315 729 
4776 3848 
7166 2692 
9192 2750 
143 5202 
9114 3985 
4520 4590 
803 3273 
9532 6481 
4000 3118 
4469 1514 
2175 2561 
8388 4324 
4464 4203 
5806 3019 
690 5769 
94 6417 
7425 7271 
1015 8519 
5324 6555 
8817 586 
8180 3884 
8324 3447 
5459 6526 
7483 2598 
6645 5151 
9382 6308 
9959 9624 
4549 529 
9212 233 
678 476 
6994 3473 
4705 6285 
5573 8052 
1195 9643 
6023 6535 
6545 6666 
337 8949 
7711 4991 
3579 7863 
9599 7430 
764 6691 
5901 8775 
4359 5572 
6105 2680 
4571 4319 
7877 3852 
4249 2694 
3976 4942 
8697 2287 
1331 5383 
7012 8147 
1501 3395 
8204 1239 
6695 1162 
9538 2614 
4189 7320 
1712 5321 
7126 9271 
460 6332 
7830 9575 
9627 9437 
2180 6072 
6311 6620 
1477 5469 
2415 138 
2489 6669 
9123 2109 
917 168 
8805 937 
2770 1976 
5143 1080 
6193 3824 
2383 2483 
3021 7207 
6865 7516 
3364 8618 
8711 2084 
5505 6180 
269 3594 
5873 4367 
2895 4596 
1536 2165 
6655 9033 
5118 1627 
9681 8415 
6568 1631 
6998 8735 
190 6964 
3486 7046 
9353 9682 
2468 9291 
9296 1295 
4022 1982 
786 5178 
9496 4330 
8252 2225 
4647 3329 
1819 7150 
8165 8207 
7792 8256 
2594 4303 
4159 6746 
6761 6877 
7990 5874 
4912 380 
7286 7455 
5767 7334 
6439 8582 
6640 9089 
2642 6902 
1490 8437 
6478 6286 
3187 3487 
4387 3343 
355 2906 
3048 3259 
4066 8066 
6422 642 
4900 1071 
1184 911 
95 8571 
439 2970 
9584 1812 
6916 194 
290 4296 
3416 9025 
5875 9168 
403 3815 
1533 5848 
7729 9576 
2813 6039 
1823 3055 
9587 9432 
7866 6614 
4827 7918 
828 6869 
9613 6251 
2954 224 
5379 5060 
7492 2269 
6591 2282 
5570 414 
6694 2924 
381 4299 
2712 1159 
781 6710 
2889 547 
4155 5909 
8237 8383 
7824 3896 
1694 9708 
7524 851 
2745 2714 
9719 2003 
652 4118 
8704 2549 
3636 9137 
5437 5373 
2655 4754 
2950 3482 
6567 3467 
6124 838 
7105 7952 
2975 2986 
5876 6986 
4543 5461 
6670 5929 
5328 6895 
2033 7515 
6438 5712 
1785 2134 
1697 2136 
2762 8064 
3095 8560 
43 9942 
6737 7540 
8337 2777 
2507 4063 
101 2110 
1774 9056 
3421 8416 
5360 1916 
1551 4742 
3236 3523 
8306 4813 
1505 8729 
3180 8223 
1552 919 
220 1274 
8745 8534 
5678 1143 
2018 4844 
6870 1459 
2473 3204 
7601 2951 
1128 8244 
6866 1306 
4130 6057 
7235 2254 
9330 1816 
7809 8497 
6323 6836 
850 3147 
1312 3234 
3254 8091 
3052 7039 
6292 946 
9390 8568 
5667 1010 
9770 646 
4699 1656 
811 810 
5271 5093 
527 9570 
5500 4710 
4478 5023 
6918 7838 
4798 3330 
4799 550 
2381 7426 
6024 4356 
9299 4074 
3050 2232 
8230 7424 
4501 2209 
8129 184 
1067 5872 
7292 4083 
2888 3491 
7413 9695 
8113 8596 
1644 4583 
7722 8431 
7451 1014 
4463 1028 
8851 9598 
6950 215 
4778 5704 
7152 4572 
8853 905 
3972 4005 
4055 2657 
1032 2188 
2635 6254 
6284 6771 
833 3684 
9818 9757 
3609 1200 
5105 2366 
127 3691 
1377 5186 
5714 864 
3438 3191 
5000 593 
7883 7703 
4142 7119 
3694 3 
4593 992 
1606 629 
4619 3121 
7019 324 
1605 6487 
9491 8849 
2089 2484 
8577 4981 
573 1453 
2610 51 
8798 7323 
5983 5682 
9349 8000 
1188 252 
7134 1928 
5139 5100 
332 8875 
9040 7279 
7718 5990 
7337 6376 
7283 9422 
6393 3803 
5144 9067 
1535 8251 
3067 6309 
3133 5661 
8225 61 
106 7788 
4253 848 
6608 6553 
2760 1171 
5491 8990 
2666 3093 
6130 218 
4248 1360 
3124 1832 
4804 5941 
2919 7669 
7128 5751 
6719 5809 
9483 5637 
4780 5013 
579 1027 
6595 727 
3924 6987 
1621 2537 
6959 2817 
7051 2905 
6848 694 
9529 649 
3274 7412 
5474 5778 
2592 3550 
3855 3525 
469 2922 
4054 6739 
9827 2335 
5622 6409 
1442 4445 
1929 9446 
1510 2337 
8834 7520 
2923 5031 
5034 4984 
1090 4487 
2501 5761 
8719 5581 
2408 5917 
6750 6126 
1833 71 
2503 859 
3996 425 
7521 8285 
9393 5502 
7543 418 
8475 611 
2226 9085 
2427 4091 
3289 2231 
6610 6687 
9974 7530 
8874 2102 
5664 1577 
2312 5979 
9829 3032 
9215 3642 
1999 4845 
2672 2938 
9132 1129 
8258 82 
1701 8076 
7467 9675 
5022 356 
6829 2281 
3984 8984 
9631 2088 
6144 2086 
2654 2726 
6822 8077 
4016 5675 
9313 8374 
4389 5897 
6146 2640 
8749 3793 
3747 1238 
6634 7352 
2214 3151 
4902 7363 
1351 4731 
9579 4274 
2390 2918 
7651 2723 
3613 4773 
6717 2000 
8311 2388 
3946 7636 
2006 9589 
1960 7618 
8932 1405 
1023 8347 
6721 348 
4636 8060 
8890 1582 
1804 480 
7120 5940 
8718 3327 
7093 1347 
1293 1495 
8681 1029 
5826 9357 
5643 6420 
3071 4866 
5700 9671 
1235 7435 
1192 3131 
193 8727 
8983 9759 
141 2988 
7060 8931 
23 5915 
984 9906 
5762 103 
8910 3776 
9321 7586 
1115 4148 
6262 6474 
4156 3758 
4151 8989 
3120 2885 
2873 7462 
9039 9429 
1969 9263 
9937 9338 
6705 7075 
5638 2698 
3317 9088 
9908 542 
1169 9097 
1161 1286 
3250 2804 
4933 3288 
5916 1706 
2121 5090 
8879 8725 
4956 2122 
5607 3072 
9144 6672 
8005 9521 
3218 1305 
3401 3183 
4988 8183 
7170 9015 
9244 6395 
2785 452 
6 5890 
8418 5454 
7697 6113 
3843 9548 
2883 2210 
6982 5720 
8996 9664 
8843 3554 
1345 8707 
2624 2534 
4042 2452 
1814 4700 
3226 4502 
9841 4258 
1881 1206 
4273 7079 
4381 6336 
829 1737 
9975 9619 
7581 7944 
648 6758 
5913 4630 
9311 304 
5686 9027 
8533 7405 
5596 6132 
6382 5934 
1830 6605 
876 3051 
6278 8159 
3374 4302 
1893 315 
3096 4355 
6303 2782 
2863 5130 
6607 8086 
7654 4788 
8503 3521 
2291 6668 
583 5932 
8731 211 
4533 1277 
9977 2442 
9113 311 
8783 5104 
5902 320 
5420 5730 
9295 7490 
5109 8619 
7865 3105 
1883 4521 
8246 4365 
750 7709 
6642 270 
7770 7834 
5561 8082 
8138 1435 
7667 2275 
3231 6859 
8739 4849 
5532 6723 
745 3512 
1348 2389 
6540 3451 
6742 2278 
2647 7690 
7472 5129 
8520 9857 
5432 309 
5415 9845 
97 1637 
1808 2720 
908 6531 
7007 34 
8483 489 
7404 9136 
5579 9607 
7674 8549 
1921 5402 
7864 9962 
5640 9399 
6479 4373 
7344 5021 
5168 9214 
3774 4082 
7970 8309 
9141 8160 
2735 9620 
5487 2318 
5522 8855 
7626 7417 
6327 9076 
5782 1900 
3384 3723 
6962 153 
1446 5388 
2435 5525 
1166 5904 
7385 2738 
7938 9649 
3749 39 
3987 4120 
7873 8299 
9248 4885 
8938 9070 
5404 4850 
2806 4532 
1684 6204 
1587 735 
520 2081 
5642 2392 
6988 9199 
31 8634 
1463 4050 
9388 1146 
4760 6410 
5280 6188 
8986 1260 
3331 3292 
4500 9870 
3876 6015 
7314 8593 
1030 5603 
2243 5372 
8991 6283 
6176 668 
1741 1842 
3598 8994 
1920 8578 
2832 8872 
5728 7034 
1300 9786 
1548 7699 
4706 8908 
3063 3648 
8300 377 
1599 6062 
5414 6300 
4842 7159 
137 3300 
6791 8313 
8809 5590 
1794 3769 
8353 5142 
1368 3200 
9218 7301 
7725 6268 
3527 1567 
7741 8192 
401 2502 
3657 9297 
5347 8562 
6185 4917 
4415 2241 
1138 8595 
1531 5688 
8040 6075 
1198 8048 
9135 5154 
5556 5680 
2234 3027 
4104 3887 
415 2428 
8286 2217 
4162 360 
3433 3773 
7171 552 
2005 5854 
5953 2193 
4432 6301 
7448 5821 
6497 2795 
7874 322 
1070 2936 
6527 2197 
8598 9426 
1282 5140 
4070 7859 
5132 2632 
6312 4628 
5342 2661 
4076 6925 
5011 9732 
5575 5366 
3310 1952 
3478 2456 
1860 5735 
8954 4906 
1882 2902 
9586 8011 
4749 4576 
4808 60 
5307 5829 
3030 3140 
1152 5263 
7129 8424 
9762 8452 
9086 2582 
7109 8496 
2026 9910 
5869 8142 
9638 9241 
3119 6682 
1185 7048 
2190 3404 
9421 8609 
9360 9880 
3532 4983 
5839 2045 
8054 3208 
9860 214 
9266 1632 
7427 9391 
6892 970 
7306 7353 
7822 5598 
4313 5562 
3589 7463 
5116 7420 
428 3566 
9221 9617 
7195 7312 
9188 9176 
9924 9585 
4518 6031 
5878 4350 
5577 297 
1521 3004 
3295 5739 
6524 6220 
2244 6151 
6566 4972 
6147 6585 
6008 5866 
3006 8663 
1628 2008 
7752 1703 
9280 7907 
4631 1367 
2840 6160 
6025 4846 
955 9207 
6384 1147 
54 8514 
7932 3541 
5853 4404 
5199 9466 
1579 5010 
993 7307 
2822 8847 
1966 6450 
5040 4739 
5057 7494 
8168 8554 
7617 8323 
5695 1820 
3109 3511 
4818 6840 
9170 7963 
9118 8517 
1116 5113 
2187 3959 
5443 8903 
6772 5318 
343 4615 
4375 1588 
5536 8776 
453 2047 
3108 7747 
5514 56 
2071 213 
1653 9518 
6649 8209 
7714 7342 
1040 123 
4959 9182 
9626 6302 
5516 6847 
1081 9361 
7014 7216 
622 6777 
1365 6387 
3704 1119 
198 1629 
9000 3341 
2711 6630 
3229 3111 
4744 6534 
3262 4817 
7763 6654 
8826 6571 
6333 6514 
275 7541 
9651 133 
4397 7265 
1427 2433 
1400 2677 
9152 645 
3637 4859 
9717 2185 
2972 2021 
1487 1724 
1381 3739 
9933 1806 
5485 6748 
1417 9984 
5268 5798 
966 2688 
9911 1650 
7505 998 
3442 8576 
2181 7103 
4914 7666 
1486 1980 
227 1699 
4349 7998 
5464 3092 
4036 5302 
6343 7787 
1196 9480 
5551 6156 
5870 4530 
7110 5349 
2289 4034 
6189 6621 
8558 800 
3764 9572 
3054 9602 
2842 4461 
243 7316 
530 9031 
8295 9761 
9982 6276 
1059 6536 
6414 8413 
6619 6934 
6095 2551 
3469 6248 
1994 7149 
3162 4212 
5 921 
9159 441 
4101 7457 
2313 4015 
5898 8034 
8191 5849 
8397 9634 
6041 3889 
830 4369 
6315 7956 
9255 3496 
5217 1626 
4002 4488 
6195 5319 
7593 7885 
156 6488 
4510 2865 
8336 5771 
9785 9961 
1328 5969 
1209 6361 
3568 3737 
561 1026 
5206 9049 
4837 2369 
5080 148 
1403 7276 
7875 2293 
3981 7782 
4589 1227 
5355 5530 
2754 524 
6074 555 
6960 3103 
6115 2860 
2703 9591 
6740 2701 
6108 1939 
3949 5807 
6767 1544 
3035 7736 
6307 9433 
9883 6169 
6864 5627 
9875 200 
6983 5755 
2812 4756 
3333 7612 
9193 6520 
4752 4896 
5863 7600 
9877 5517 
9226 2504 
1990 2263 
8770 6587 
5190 8083 
3834 7982 
9257 9603 
5007 8643 
1007 923 
3572 6557 
1194 4613 
7057 957 
7368 432 
740 8080 
6087 8897 
9288 4694 
154 5943 
7305 465 
9949 329 
5167 3530 
5025 4176 
4638 1835 
6854 703 
7401 4963 
6979 2455 
9676 8124 
9662 4396 
8909 906 
6684 2733 
1892 3847 
5838 298 
1385 2090 
5218 3138 
7205 8882 
301 1748 
9743 108 
8182 8419 
9833 977 
6480 2255 
411 3700 
7910 3542 
8924 1923 
3172 4195 
32 2448 
746 7256 
7713 3781 
6686 7196 
266 1193 
2441 2524 
4086 714 
4112 5796 
2251 6191 
6473 2159 
8293 3817 
5401 1636 
1288 4322 
7343 7452 
9379 5101 
7972 4188 
7116 5048 
3326 358 
8046 8594 
8912 3068 
234 5840 
9019 884 
2310 8430 
383 6525 
808 4287 
7791 1517 
1257 9858 
5886 531 
3513 8506 
1358 4670 
9726 9865 
9680 3106 
6135 7100 
5426 9222 
635 3112 
3075 2458 
4750 9022 
3175 4364 
8033 9395 
8888 1757 
5244 6048 
9080 9099 
1180 6289 
2207 5138 
8248 2674 
7876 4237 
7073 535 
7813 5634 
6352 779 
6306 2512 
3437 5208 
1891 3064 
4920 7882 
1547 6770 
4691 6806 
7845 9779 
2705 1630 
4284 7173 
2797 4006 
5231 1871 
5945 5658 
7628 2158 
8791 8382 
6760 7754 
7157 84 
9348 1988 
3645 7277 
1219 4058 
1168 512 
6973 2123 
6485 7437 
9795 2855 
6198 6802 
6966 9063 
7177 7793 
5800 1616 
8794 2222 
4419 4824 
5240 6325 
944 3457 
1557 9592 
2620 7485 
533 7254 
1187 1651 
3850 6330 
8319 1950 
3380 7068 
9823 1287 
1859 2351 
8398 6506 
8670 5216 
6029 7369 
3241 4622 
6000 3698 
6579 6753 
434 9438 
440 3074 
2133 589 
9066 2904 
767 8318 
333 5179 
7537 7954 
3368 3991 
3018 3765 
5524 6879 
135 7202 
9334 6358 
6784 7061 
8255 8409 
9370 4657 
4608 3379 
1452 6288 
9737 939 
3909 5776 
1205 2838 
6786 1624 
5131 5241 
6517 142 
8263 9995 
3540 6662 
7418 2103 
1793 5788 
9203 6257 
5615 6898 
261 5367 
2183 5187 
1264 4633 
2839 8881 
972 2365 
6216 9051 
8004 4435 
6808 9106 
6825 2730 
78 8109 
3841 7336 
2472 3518 
3581 4293 
1178 2859 
834 6929 
4792 8901 
3299 1172 
9637 8088 
8720 4872 
6996 5850 
1589 1905 
8269 8451 
7634 8439 
9385 9648 
4565 8579 
8611 6280 
2459 3337 
2579 5214 
6215 3332 
6141 4611 
6122 4612 
1675 4877 
5528 2462 
2880 4919 
7973 4769 
8464 4327 
5295 5512 
9559 951 
674 3794 
444 1676 
2009 4011 
5290 8019 
7608 7389 
2665 3869 
1736 9329 
7880 8771 
8633 8016 
2082 7552 
1492 9531 
1153 9665 
182 3819 
5175 9985 
1844 8184 
2297 4161 
1663 4784 
6037 3919 
7639 8387 
9981 994 
4460 4887 
2406 4440 
5641 6032 
9535 5752 
2877 9565 
4181 9191 
9369 6338 
6375 9714 
230 2844 
9479 1738 
2679 3519 
3791 999 
2288 4479 
708 4660 
8504 8343 
771 3965 
9688 3681 
7246 510 
2373 5763 
2497 8968 
9372 1098 
4144 4655 
8848 2531 
161 5254 
7179 2079 
935 5891 
180 9778 
8812 9530 
4205 9477 
9453 8806 
3168 9003 
458 4421 
136 8035 
952 2589 
2761 5326 
1670 4609 
7139 4135 
1035 8916 
9032 5308 
3356 3899 
2474 5410 
3770 6313 
9612 3988 
9008 3923 
271 1366 
7217 8676 
2710 7117 
6344 7284 
9231 3448 
7065 7892 
7625 2827 
667 991 
4329 8864 
149 1742 
5037 5110 
5775 5993 
4944 924 
1763 1034 
4473 1961 
4814 1571 
9411 5176 
6698 314 
5226 2670 
626 8604 
2917 4903 
5076 9130 
753 6855 
6202 3671 
3933 3522 
5492 8433 
7351 6872 
3228 5494 
7765 4012 
7962 4456 
6274 7249 
1944 2143 
9057 2446 
3062 9240 
8760 7313 
7200 3336 
99 3223 
5816 4423 
5597 8945 
2164 9739 
8037 351 
7433 8427 
3139 9604 
7862 3390 
8386 8859 
2029 7687 
2382 7753 
506 3708 
4797 8759 
6219 4577 
4282 9151 
9331 1451 
3680 2572 
6138 4556 
4441 6914 
5620 8889 
8375 2573 
7653 9078 
731 5951 
3459 3625 
5893 278 
1909 4604 
7661 9793 
9964 3302 
9077 5757 
1831 8524 
352 2626 
2457 9954 
7182 1907 
1873 2393 
4980 5968 
8162 8229 
2689 5396 
5912 4240 
8755 3439 
8856 6322 
4133 4800 
7707 9913 
4108 8566 
1857 8486 
4975 3536 
6809 5257 
7299 3036 
4325 9618 
2067 2294 
8781 4342 
2423 4663 
7362 3886 
4695 8607 
9856 5045 
5635 2470 
3351 5136 
6724 8149 
8380 9223 
3373 1077 
4268 8036 
1024 4547 
6305 1607 
2741 5147 
9225 1190 
4418 813 
7706 2979 
6765 653 
3284 6123 
9733 9766 
1122 3352 
7222 1062 
368 2805 
2543 605 
2690 6172 
7026 117 
1197 9508 
1336 4221 
5397 1645 
2874 6434 
6801 8231 
4092 4477 
4986 1123 
1009 2432 
8689 2756 
2984 1376 
6807 1779 
4428 9281 
2076 6616 
9952 2350 
7345 942 
5976 3217 
6493 641 
8581 9789 
1568 2940 
5533 7715 
6790 6148 
9944 3171 
6720 8459 
7764 2787 
8193 8228 
4952 2909 
3948 9963 
941 2098 
5560 8966 
2500 1910 
1731 7454 
7966 9519 
1652 7656 
8447 9807 
4328 7186 
7308 8434 
1809 4541 
1002 4146 
760 5317 
539 1434 
9768 4516 
5288 2146 
7978 7648 
8067 5865 
8469 3820 
3911 1743 
4602 6688 
3831 8288 
3722 5647 
4379 7996 
3070 5702 
3476 8876 
9644 2911 
5201 6381 
6259 8013 
7089 8200 
1322 4673 
1148 8107 
9442 5594 
300 4044 
1021 2419 
3617 7769 
2024 7360 
6197 3285 
3647 7091 
3660 7848 
4235 8563 
6702 1654 
5061 1008 
7603 4346 
4743 4004 
8969 3230 
4693 67 
4869 8079 
9016 3854 
9686 1825 
5265 1397 
5429 1253 
4713 7847 
4267 6051 
5836 7446 
9324 4575 
1760 6590 
3971 7779 
9279 7214 
6949 5375 
4573 8599 
7658 4832 
4865 5531 
6455 7981 
5965 9881 
1370 9125 
5334 9036 
4874 2359 
6744 1949 
3592 4372 
4659 1076 
3845 564 
8126 7896 
3181 5315 
2429 7531 
9691 8911 
7577 983 
6416 7517 
9452 2204 
2437 3940 
2404 4353 
5722 6341 
7802 2016 
6359 8442 
7175 9769 
3641 4233 
134 223 
239 8895 
3903 313 
2116 419 
861 617 
4857 7070 
5122 5085 
8262 8546 
8279 6679 
7959 8457 
765 3010 
6921 9983 
1899 3787 
9335 3620 
8769 6812 
3856 9885 
267 8059 
5028 2964 
938 7498 
2734 6329 
7576 7700 
9164 5269 
1913 9886 
9148 1918 
6103 8700 
3661 6560 
9991 684 
6492 8638 
6577 8800 
8870 7870 
6512 8764 
6546 8197 
9509 1691 
4371 4348 
361 4168 
2915 9037 
8119 4990 
6578 3424 
665 2989 
8127 9467 
6745 6685 
5213 7350 
2360 4171 
1061 2536 
3590 8095 
1409 6922 
7598 8573 
8152 3039 
4557 9026 
3428 6628 
7693 8660 
7773 2957 
2266 2993 
1444 3014 
6217 7371 
2850 6143 
3069 5544 
3900 4492 
2075 2887 
8332 6281 
3346 2414 
4642 3265 
3731 1888 
6238 8401 
3608 2053 
68 6820 
2070 7980 
9342 3145 
2910 3411 
4289 7914 
112 8291 
6932 7878 
1433 9196 
7104 726 
926 2010 
5188 7924 
5221 6089 
5012 3713 
4113 3462 
4782 2669 
5708 1826 
7679 1829 
5481 6584 
2316 2837 
6425 9094 
6813 2384 
6056 7632 
7939 9475 
5220 5466 
9229 9721 
4897 945 
6287 6267 
1734 5165 
772 9979 
609 637 
1655 3679 
7664 38 
5922 8480 
4378 8097 
508 6783 
1846 4333 
6671 9117 
8408 3885 
5322 429 
9817 6600 
5169 388 
7659 4126 
4688 9890 
4337 5962 
2481 8426 
9350 5760 
4486 9783 
4847 9237 
1134 3658 
6427 8254 
8194 3081 
5825 5794 
9134 2443 
1117 2949 
295 699 
5679 4779 
7826 4038 
4275 9363 
6548 8304 
8356 3529 
9854 7860 
5117 1315 
9796 1374 
6963 7758 
8659 4962 
1251 3557 
2402 7721 
4951 334 
1972 6969 
1726 6511 
9704 1050 
9652 9754 
975 5182 
8926 9293 
9597 5370 
6446 7701 
4107 5385 
9852 7649 
7940 9481 
3431 3318 
4335 7047 
5716 1031 
3244 6779 
1316 7606 
7749 9169 
5393 8063 
9093 6530 
3978 8502 
8795 7287 
4958 1549 
5423 7991 
3094 3059 
8384 158 
7294 9276 
4241 4526 
5249 2535 
9045 7798 
6561 8645 
3155 217 
8317 246 
904 9495 
804 5832 
5803 1133 
4867 6339 
1094 7441 
1765 3417 
7872 228 
4921 258 
5285 5625 
319 9869 
3893 6946 
9210 1359 
8511 7361 
2802 6797 
8018 4534 
8962 9709 
6498 10 
7778 1946 
3388 4207 
6728 7535 
7493 6657 
3555 9967 
4209 1836 
1247 7633 
3235 507 
8261 9366 
4451 7008 
226 880 
6367 7366 
350 4311 
6419 4982 
2065 1943 
4733 8772 
8613 6875 
5837 7567 
6651 8743 
3247 7719 
6991 7005 
6510 5016 
6941 1096 
5991 5844 
534 6431 
8301 244 
860 2273 
1750 6466 
8098 5394 
2890 4351 
6583 1402 
3879 9699 
4122 3697 
4308 4598 
9298 195 
842 1633 
5411 2538 
2613 9930 
4514 7321 
6470 1283 
7708 3596 
4831 7810 
8154 724 
4246 3958 
8489 3709 
292 5368 
4315 7974 
2584 7523 
1341 8871 
9533 4489 
1280 3389 
5455 4816 
1696 2091 
2667 5954 
2161 1215 
3403 6826 
3233 4697 
6678 9306 
7021 4405 
238 2616 
4882 6218 
7689 5126 
5197 5534 
1595 1956 
3465 6106 
3750 7135 
212 8307 
6471 7584 
7471 5894 
5937 6799 
6570 7933 
4257 9551 
3355 8779 
7560 6247 
7423 9889 
656 1959 
5960 7686 
2115 990 
1179 2800 
2403 1720 
2971 3499 
8185 2706 
5467 8721 
2256 8053 
2027 2239 
7757 8039 
9851 9198 
4398 3430 
4498 5861 
9262 2780 
9909 2080 
8249 9866 
8914 549 
1789 9358 
1173 5395 
74 877 
787 8963 
2565 7293 
8515 7570 
1308 1140 
2013 5159 
4466 5928 
6098 9073 
9526 8796 
4206 6245 
9195 3990 
5284 9791 
2371 5685 
5619 6246 
7394 7154 
8404 13 
8600 2921 
8675 4482 
5956 695 
7808 4935 
867 1903 
7491 4347 
8296 2295 
3315 5975 
5184 9055 
1679 7333 
7761 9562 
4214 4037 
1875 4563 
4601 1267 
8214 8264 
2807 5822 
6629 1309 
2375 6755 
3110 4712 
254 7193 
854 9322 
6623 7354 
7672 7324 
4764 55 
981 1911 
1938 2017 
756 6360 
9525 221 
5731 8445 
9578 3668 
6117 1107 
9677 7691 
461 3533 
5133 8217 
8473 6229 
6060 159 
2434 9029 
8188 8446 
5166 3862 
7630 6064 
6603 8029 
7675 7916 
6926 9095 
3495 5064 
7332 9474 
9441 1861 
7644 5350 
4391 5320 
9314 4545 
1518 7053 
3942 4755 
8268 1221 
3548 1053 
6937 8096 
1525 2271 
6084 6576 
4374 5066 
9593 965 
9091 5071 
8478 7578 
5468 5882 
8027 6350 
551 487 
8352 7928 
900 8393 
9278 7339 
4741 8918 
9417 2322 
2801 8668 
2276 7192 
9537 5623 
6111 6673 
5225 7248 
8717 4251 
5908 192 
3484 7419 
2658 5073 
247 8748 
4656 1222 
5813 7595 
4172 4953 
4386 3659 
7381 7532 
5348 6432 
7356 6821 
8992 3338 
2578 2418 
3340 1136 
9492 4848 
8669 9017 
9402 3918 
6811 118 
8455 2031 
6093 3398 
3270 4640 
6752 7263 
8816 2639 
8733 2059 
6391 5693 
627 8724 
5584 9505 
7536 2290 
4384 9014 
359 3719 
3493 8128 
1164 570 
3640 4062 
922 749 
1426 4115 
6664 516 
1968 8144 
845 892 
5827 6463 
8677 235 
1447 997 
6992 819 
1565 3907 
4075 4446 
1281 2317 
725 7704 
455 5387 
5230 6411 
494 1470 
2153 4227 
509 6803 
1797 5077 
6905 4345 
6503 3185 
9806 3692 
2334 7148 
8797 9670 
250 4969 
6059 8378 
122 2236 
3784 6850 
1468 4228 
3628 5128 
8518 336 
1390 2044 
3190 4901 
4407 7857 
1598 5475 
251 3742 
7884 7917 
2245 1371 
5262 897 
6157 8024 
3649 6627 
25 7440 
4496 9506 
6592 2315 
4494 9503 
7408 2778 
1575 1756 
7930 1931 
3927 5741 
4393 111 
3703 5097 
7556 8540 
6415 6741 
8813 1407 
2799 496 
2985 3800 
5430 8509 
9147 1474 
6003 4620 
3983 7795 
382 8132 
9339 174 
7035 4256 
7868 6205 
3603 5856 
8116 616 
8130 4616 
1784 8654 
7744 9146 
669 7794 
5004 8653 
5436 2257 
2916 5887 
8161 9375 
7087 2431 
9071 8553 
9921 8937 
488 5645 
1391 953 
4684 2430 
1981 6709 
1504 5075 
9138 1693 
7213 9635 
6454 1357 
8131 8896 
7396 9693 
3844 102 
2139 6482 
4010 7251 
5345 5398 
8463 417 
6911 4854 
9914 2607 
7934 4318 
7497 1458 
8635 5146 
2532 3562 
6903 5331 
3378 7727 
1311 1408 
6045 3905 
2699 9449 
947 5599 
3600 260 
2227 2771 
210 8203 
1410 2567 
7553 8714 
6109 9728 
6711 8462 
8474 578 
3015 979 
2581 4 
5759 6971 
3090 4725 
8522 8728 
9611 3077 
995 567 
5903 6509 
4934 4277 
3159 2590 
8134 1457 
3916 7347 
6785 5339 
2137 4763 
5068 7001 
1617 7257 
5242 2242 
2603 8112 
63 5724 
3023 5726 
5862 6569 
3595 263 
2687 2482 
2767 5952 
3955 4687 
6939 4759 
4546 8377 
2198 9891 
2330 7542 
2560 4059 
5008 5552 
7183 9747 
9590 3344 
594 2641 
5003 7695 
9318 9941 
5291 2931 
647 4807 
3009 3153 
6637 1822 
7889 8157 
367 9129 
7890 1717 
6347 2352 
9703 4088 
5977 9842 
9336 8145 
2656 2380 
7114 3449 
4180 3922 
1948 7056 
115 162 
385 2908 
4568 7367 
6764 8905 
5354 8476 
4594 4683 
8468 1275 
8810 711 
6958 8822 
5325 3654 
1263 6349 
1989 6580 
53 890 
6077 8381 
2039 5005 
6692 9571 
7789 3629 
751 562 
3741 4309 
2996 5377 
3313 9588 
8557 8740 
7188 6206 
132 7853 
9609 8106 
9746 5278 
8280 1299 
125 450 
8788 6282 
9504 1834 
4728 5651 
9752 3777 
5582 9081 
4223 5649 
6088 5768 
1344 761 
1681 1721 
7102 1778 
4236 8742 
8403 9927 
865 6894 
7018 6609 
9820 3721 
3184 7185 
5896 7466 
4080 1012 
3492 5725 
6658 7080 
2094 5259 
8017 9834 
9524 9242 
1372 3705 
7011 8649 
9545 687 
7590 176 
294 5496 
2580 5981 
3076 6121 
3535 7145 
3875 7670 
6792 1917 
9997 3098 
1739 9096 
9630 4292 
3037 8041 
1674 1853 
3464 3420 
9729 1465 
7579 739 
4048 9502 
9901 9542 
1614 4057 
3717 9381 
3100 1678 
9060 8422 
2299 2296 
7746 7816 
4538 9333 
15 5352 
6397 9232 
2120 7028 
7911 6355 
9498 7020 
3809 9567 
2100 2625 
5158 5847 
6700 5520 
2368 306 
9764 2168 
6980 9384 
8527 2412 
3412 8290 
9810 3735 
7147 6136 
3157 6073 
1872 2588 
7562 1957 
6624 105 
1302 4124 
7335 2129 
7642 8158 
8187 3795 
7904 8636 
150 5558 
4954 8627 
9801 3164 
4046 5371 
4523 5053 
7817 3278 
6223 4220 
9258 3890 
7165 421 
7414 8639 
6435 1097 
8556 3729 
901 6314 
62 8440 
1425 2301 
8902 6133 
863 2378 
1461 7407 
18 7037 
4621 8103 
3104 6058 
1313 1450 
8481 5518 
2328 1866 
5453 6152 
331 4907 
1093 2763 
3212 9946 
1494 2544 
3778 5644 
5237 5445 
232 2830 
8570 5591 
6832 8030 
9843 973 
6598 7273 
7946 4147 
1104 2480 
8394 3964 
5243 1105 
3427 871 
4610 9777 
2247 8630 
8927 9157 
7943 9549 
6504 5189 
236 9489 
4443 9940 
3130 5272 
5332 5947 
6945 784 
8708 2627 
6667 4471 
2407 5150 
7599 4215 
6001 7480 
9220 7964 
2464 5389 
9447 7624 
500 1902 
6927 3674 
2960 8852 
9558 445 
6291 2073 
9992 5810 
8602 7575 
8038 2077 
2492 3688 
5793 6715 
4661 9396 
2516 5336 
8713 7340 
8241 4591 
3877 6149 
8175 5834 
3463 4836 
4141 9050 
3748 3718 
8818 2303 
4790 4625 
8363 4007 
7387 6468 
7735 1429 
6365 7197 
8525 2587 
3604 3699 
9143 7582 
242 8665 
1170 6787 
1683 8085 
2605 4361 
8606 57 
7684 2268 
4243 5444 
6952 6142 
7507 8958 
5892 2546 
1130 1682 
3744 6399 
4298 4899 
1199 6653 
1752 8646 
7897 2151 
3078 5311 
3125 4187 
3203 3312 
8189 4475 
5995 7158 
4654 1754 
4623 3073 
7033 3707 
2992 5442 
1325 733 
7518 3788 
42 9493 
9756 8532 
241 6374 
7902 9292 
8072 9316 
6602 7180 
7977 3339 
2562 9112 
2424 9139 
3706 9243 
3818 3031 
6823 8750 
4649 9903 
3989 2038 
9181 83 
6915 1795 
2346 676 
2648 8844 
8688 8215 
686 9405 
86 2513 
3446 4053 
4336 8283 
5818 2681 
2345 6722 
7805 1082 
5365 7098 
7118 6502 
1692 8946 
4578 9758 
7025 6589 
9028 4312 
852 6353 
9568 255 
4704 1068 
4709 7682 
670 3825 
1226 203 
9200 1758 
8379 8240 
7341 7009 
511 565 
2176 6370 
7163 412 
5162 2 
1456 4856 
6885 4174 
5817 6166 
7208 8137 
9265 4394 
5386 2072 
3091 4923 
7143 6139 
5141 5538 
4672 107 
1018 1522 
5967 4957 
7849 7252 
9874 4562 
7092 1074 
7604 299 
3221 1124 
9346 1412 
126 9273 
472 5304 
7743 413 
5617 3506 
2444 5390 
1977 8608 
1352 2274 
6931 1807 
9753 4607 
2421 7230 
6588 7084 
3022 6712 
4125 2302 
5753 8345 
5170 3504 
2861 2999 
5877 1772 
5497 8658 
307 7665 
2645 7373 
2097 9202 
3242 6965 
9790 5309 
5639 814 
9513 9064 
9047 1383 
5772 3597 
1992 3941 
8368 240 
7328 1858 
7629 2683 
6743 7495 
3753 2660 
4729 730 
1423 8153 
2935 7264 
206 2260 
3382 9173 
2828 2867 
3199 6913 
3266 5784 
1041 1530 
397 4937 
3757 166 
7189 7774 
1997 5020 
963 2963 
2101 3712 
655 5433 
3851 5409 
4632 4043 
4078 5790 
4474 5738 
9245 5052 
3571 4196 
6458 5456 
4940 4283 
4886 179 
8592 9966 
1559 1167 
6208 1520 
7211 7269 
4895 1919 
932 4436 
839 326 
9312 722 
5476 6732 
9427 6622 
5281 3947 
9658 4455 
523 9052 
3001 9131 
8259 3675 
8819 1661 
5172 2261 
8173 7948 
3790 6612 
6125 3216 
1364 574 
683 6735 
2361 3807 
4244 9461 
7759 3726 
8487 1106 
3874 8959 
1113 4826 
5715 6165 
4163 3016 
7712 2990 
3472 7275 
8055 6430 
7411 7994 
3766 6011 
7510 7937 
408 4362 
5483 657 
2621 4297 
6928 717 
754 4003 
6071 7456 
2087 3895 
7592 1270 
7438 1321 
4286 7023 
7780 1438 
1476 28 
2372 9472 
3738 7390 
9527 9780 
4658 6617 
836 6633 
9583 335 
2327 7395 
9574 9177 
7588 3801 
2552 4898 
5881 2510 
4531 7280 
7097 2818 
171 9560 
5074 7856 
69 4839 
1413 9907 
2914 1498 
1511 8837 
7500 7836 
8344 602 
1291 6551 
9172 4238 
1278 6943 
169 3977 
7127 7376 
9425 2249 
328 8535 
2205 5721 
8838 9507 
6581 1870 
6464 1967 
6356 308 
8923 5314 
2811 4796 
265 6034 
6177 2410 
5149 6762 
1342 8410 
7278 4686 
6207 366 
8854 8933 
1497 5026 
4881 4069 
9175 2374 
3967 9127 
3057 2400 
9738 696 
7635 7475 
9183 5907 
6452 281 
2637 4890 
9283 7821 
5602 1016 
6321 3686 
6644 2791 
3402 9120 
4996 2439 
9072 9988 
7406 3693 
4040 5593 
9840 630 
3639 8628 
4067 1319 
5713 3578 
1432 4564 
7445 2488 
5539 9238 
3142 6759 
6181 4026 
3821 9184 
2774 557 
4592 5737 
7881 9621 
5153 3994 
3664 9701 
9488 2218 
2966 7210 
2833 8242 
5972 7058 
9142 2172 
6880 7085 
903 7760 
4777 8715 
1354 1560 
5663 5384 
6331 6891 
3407 7253 
2695 6955 
3494 1482 
837 2309 
9305 2554 
6129 5569 
447 470 
9767 8624 
9837 3517 
5161 9009 
8709 5971 
526 6190 
3998 4603 
5050 8087 
1037 1869 
5587 6310 
147 6100 
4639 6862 
2252 2673 
732 6818 
2132 6643 
5958 486 
5736 9821 
50 2398 
2177 6357 
5447 9925 
4605 9476 
178 5246 
2386 6841 
2958 6650 
2454 7705 
9788 2559 
2903 4574 
6900 7971 
5152 5353 
6484 6495 
9898 5489 
7488 3993 
1443 7229 
1333 5382 
4535 8917 
1430 2520 
8701 7898 
9341 1657 
6528 4068 
9103 9564 
1404 5477 
8042 3745 
8362 1083 
9970 165 
4341 1254 
3716 7174 
8448 8815 
9407 2571 
5606 4553 
4761 3537 
4210 4266 
3920 9748 
1576 3002 
8862 3663 
5885 3205 
8868 4771 
8438 6920 
5568 7348 
1075 273 
3872 5508 
9993 3823 
5696 2820 
3415 1174 
3257 6766 
2453 598 
3585 792 
1363 3960 
8436 9816 
3253 9888 
100 8827 
5403 8765 
3414 3986 
1507 5006 
5431 8865 
8559 2926 
4431 5744 
1340 4197 
6508 3531 
2228 5112 
8891 170 
4027 9935 
6164 1964 
4047 775 
6426 7818 
5228 6400 
3150 2997 
1594 8979 
8287 167 
7473 2809 
2152 2307 
2757 2962 
6161 3928 
2686 4978 
5406 7585 
5046 5786 
3500 3951 
8941 9468 
8774 5092 
3445 5232 
6275 5108 
4748 8201 
2377 7155 
2615 7233 
7950 3696 
6544 8216 
4295 8376 
9986 1995 
5920 7469 
4600 5333 
9208 8950 
5205 3602 
1790 3220 
6252 7176 
6429 8235 
619 3783 
7066 2485 
9919 5235 
8569 9713 
5982 473 
7133 437 
8115 1954 
4671 4539 
6696 7090 
2901 4558 
3835 9730 
3915 8543 
8574 8206 
3728 9994 
2907 9211 
4570 5717 
8429 2815 
8790 3053 
679 3593 
2542 6442 
8226 6379 
448 6749 
6663 3003 
685 8832 
7388 8601 
9499 1335 
9850 5193 
6874 1647 
1667 1265 
6441 2518 
7797 5183 
5899 1586 
6366 8105 
6601 5313 
4853 2956 
7694 9943 
7829 4745 
2037 1346 
1382 1269 
8957 5121 
2821 3888 
6159 6408 
9687 1851 
6638 7311 
6523 1052 
2092 2469 
3305 8331 
9261 9268 
2609 1228 
490 7318 
3878 9879 
8110 640 
3644 1788 
1926 5107 
201 841 
2170 6756 
8603 44 
6537 9577 
5905 887 
5194 4409 
6968 7955 
6047 7054 
172 855 
2994 8751 
9674 16 
1191 8031 
1154 9904 
4182 7508 
6424 788 
3436 6533 
4908 2264 
8734 6214 
5846 2937 
3914 7410 
9042 8174 
1290 1338 
1524 6967 
2947 3975 
8857 1414 
3502 4681 
9004 8272 
9416 7683 
1454 943 
4569 3832 
4024 6906 
7925 1908 
569 2521 
9104 5236 
3029 1746 
8125 8392 
6402 1469 
4294 785 
2866 7997 
8297 915 
1109 3167 
6210 6242 
4567 4143 
4785 545 
3350 2891 
6693 3319 
92 2314 
8878 8507 
9742 701 
6871 5102 
661 8561 
5296 7613 
2595 4217 
1732 7724 
9443 1690 
4559 6851 
7748 9623 
340 3982 
3475 4041 
5935 8340 
2001 4184 
6491 7268 
8021 36 
2216 5742 
809 3468 
4650 1578 
6222 1317 
6957 5820 
4366 7225 
3545 3256 
7755 120 
7663 3353 
1719 8967 
2055 2105 
2569 4239 
2511 6625 
1125 5435 
1689 885 
7638 1781 
3291 8821 
1256 4483 
4730 2112 
9894 8176 
5961 1266 
85 6690 
80 1555 
3546 2376 
4627 5563 
9926 956 
4870 6264 
454 3961 
8032 3575 
9400 2057 
2338 4049 
8648 257 
451 8597 
6613 769 
568 2336 
3588 7673 
4114 4272 
1529 820 
7059 3945 
8997 285 
7777 9217 
1611 1646 
1 375 
9007 815 
7204 9145 
8140 3912 
6873 1709 
5078 2050 
9041 8922 
9102 8243 
8567 2728 
6861 631 
1473 8348 
436 3166 
0 2721 
1406 9718 
5095 6243 
4009 20 
4045 8339 
826 8780 
9868 6990 
6013 4259 
369 4787 
3477 2111 
6935 6363 
9610 6116 
1801 3966 
9111 1424 
6012 8691 
6351 8026 
8050 621 
2843 9404 
2466 7869 
2141 4307 
8974 6256 
6009 7444 
4998 2700 
5727 7422 
8620 3826 
3822 2002 
7799 5233 
6065 6007 
1478 4815 
5072 9285 
6910 7000 
6604 5654 
4955 7842 
8275 2862 
9922 5376 
9030 1243 
4202 5978 
638 1350 
6751 7191 
6564 2943 
5063 6472 
2339 7545 
3591 6615 
3279 8706 
7951 467 
612 1782 
3665 7558 
1811 6542 
3296 7519 
6923 8341 
9287 9126 
7559 9775 
474 7979 
9464 2420 
4099 274 
6006 6842 
6038 2332 
2476 8167 
5488 3631 
4264 1323 
6703 338 
1620 4527 
4767 4819 
4911 5399 
6107 3286 
4158 2879 
4871 3858 
9536 9201 
7740 8886 
7905 9960 
8952 2411 
9876 3962 
1296 4166 
5628 2716 
1619 3768 
5989 2014 
8741 5830 
8799 3906 
8172 2727 
1217 8792 
5780 4762 
1250 634 
3755 499 
5210 5087 
6995 5999 
9581 766 
7767 5841 
5465 1177 
1388 8913 
6053 9798 
4692 882 
2829 5351 
2493 3560 
3605 6734 
1884 9315 
1135 3405 
664 9414 
9230 2355 
3509 6213 
6317 1284 
1240 1747 
1764 2283 
2952 2426 
2311 8009 
9520 6444 
9716 77 
4735 3276 
5555 7260 
2505 4089 
2816 693 
3796 6293 
6817 5698 
7886 404 
4909 93 
6279 1038 
8218 934 
4447 9294 
5938 1163 
8589 2826 
5017 1591 
702 7555 
1634 5094 
741 1220 
7771 26 
1102 8 
8980 7040 
7044 8405 
3798 822 
7554 9373 
9302 4459 
1069 2764 
6970 1643 
1072 7326 
9250 9469 
9079 9723 
6699 9647 
595 2722 
9936 3460 
4314 7403 
8538 3007 
3363 6068 
7762 2258 
9657 64 
1472 3418 
9698 208 
1824 8358 
700 643 
7050 5416 
4746 1773 
9616 8693 
9573 8830 
7144 7499 
5610 2160 
858 4493 
2061 2451 
3615 4884 
9490 7288 
8322 6085 
1079 5047 
1796 8371 
8575 1713 
7908 498 
7814 2894 
2163 8020 
5718 6846 
491 2515 
2845 7801 
6227 801 
7511 7901 
789 6389 
2798 7732 
3932 8069 
8786 7855 
9544 9108 
6883 9163 
8763 3232 
2007 6022 
2743 4018 
6713 4013 
4883 6170 
4515 6562 
5595 1017 
1084 2864 
3065 146 
5089 9074 
1735 4368 
6789 517 
8586 363 
9236 4190 
6212 5174 
2324 6810 
4090 8233 
5196 6081 
7449 8501 
3599 6436 
5926 8900 
1659 9206 
4301 1375 
7365 9219 
5955 19 
2107 5473 
7546 405 
9115 3225 
2085 6496 
738 2062 
6027 1436 
2436 468 
962 5501 
8245 6020 
7231 6676 
2479 7710 
5294 5096 
5425 4679 
5546 8236 
423 7219 
1843 2593 
7384 116 
204 4170 
4971 1623 
2623 6908 
3580 4191 
9327 6421 
832 3126 
2886 9813 
398 3033 
8222 9473 
2933 6835 
8617 5691 
216 1635 
6641 1297 
3024 9023 
537 2748 
9628 2329 
7733 6406 
9931 1792 
1838 2358 
8987 1131 
1489 3240 
7525 2343 
4645 5936 
4165 5042 
6240 7285 
5480 1089 
8846 7573 
2347 8338 
4689 5164 
2671 8953 
3471 4840 
2229 1716 
4245 8976 
1301 2548 
1448 8354 
2233 6948 
7671 8951 
312 1545 
2803 5996 
3638 4696 
4399 2046 
9274 5624 
853 3908 
8685 8793 
9448 9596 
9836 2064 
2881 5734 
6774 6178 
6769 2319 
958 5316 
8208 933 
2998 3017 
6697 9803 
9918 6030 
3148 7138 
9582 449 
6272 7850 
728 5871 
2208 5860 
1901 3127 
1225 9605 
3263 4537 
3752 4513 
6174 1318 
5484 6255 
4913 4855 
2550 6043 
7167 3088 
155 376 
5463 5059 
4588 5918 
835 8694 
3552 7190 
8803 2678 
5745 2870 
8308 710 
6827 7055 
2545 1249 
6933 5224 
4624 2499 
6499 8651 
2981 1601 
2884 8135 
6462 5446 
3576 2356 
3584 5009 
1978 4811 
372 7745 
6494 1775 
980 6128 
4585 4580 
4300 6433 
682 3490 
4263 2004 
1817 6646 
9478 9998 
2182 9800 
8177 7594 
7370 1500 
2363 9951 
2636 4008 
9848 4260 
70 3013 
1118 4703 
7891 6852 
930 7858 
8372 7631 
5363 9264 
1502 5119 
5994 2206 
3194 9470 
1854 2450 
8141 373 
7993 6954 
4119 3656 
8930 9420 
5592 2834 
3321 8467 
2753 1145 
8179 4276 
2769 7359 
5884 268 
3792 2083 
8449 9553 
1702 9822 
1705 6061 
76 9344 
3789 4506 
7784 8092 
284 7572 
1437 4179 
1462 9755 
1584 744 
2851 1940 
893 9678 
3083 7317 
2566 5799 
4644 1378 
7206 4584 
8650 3422 
4504 481 
4927 4758 
4438 5451 
7304 7800 
464 2629 
5646 1380 
8998 1214 
8493 6235 
6594 8303 
2494 7470 
3954 140 
8078 3410 
1534 2272 
8022 8271 
2899 7153 
6018 2145 
186 1150 
5921 9376 
4737 4929 
1780 5276 
6972 5303 
1542 5471 
8947 4939 
909 9267 
6019 6316 
556 3929 
4128 8591 
7921 8884 
9234 2148 
2912 927 
6173 8615 
5764 7282 
3865 8195 
1906 3393 
1728 6819 
5585 2449 
433 7224 
1840 1609 
5470 8008 
7811 2847 
4186 2719 
9916 2248 
5299 6040 
9320 2041 
2364 3215 
6250 8664 
4841 6521 
5880 3136 
7596 7621 
2948 4552 
928 6091 
7785 8539 
7232 3806 
5062 5819 
7992 9972 
913 4103 
5554 9663 
5559 6440 
6539 2707 
5653 6860 
6596 346 
4102 9082 
3646 3667 
4472 4339 
4861 1933 
3357 231 
6127 1043 
5758 580 
9020 7239 
3429 7739 
9700 310 
7325 4714 
7198 7327 
5103 1592 
3197 3128 
8629 9514 
584 7160 
9497 4094 
4316 2270 
4491 9968 
6162 2946 
6451 9228 
3543 3880 
3516 4352 
6706 2789 
6383 6683 
6636 807 
5636 3245 
6876 4490 
8199 2019 
8873 5493 
7529 7113 
9156 8801 
1971 7698 
9861 191 
1276 6727 
2357 4736 
1941 8716 
3997 7999 
5618 4198 
7029 4150 
4216 5789 
286 3409 
6477 9706 
3383 4524 
3082 8756 
5949 6768 
3830 3797 
6140 1847 
7655 3587 
6380 8150 
9189 9656 
3227 5039 
8737 5343 
7303 6385 
8349 6163 
2872 1985 
5434 4097 
5805 3897 
1484 9694 
1508 9024 
8298 8396 
849 6114 
6447 3607 
6999 8164 
2093 4178 
7355 7289 
4370 495 
4261 4669 
3134 2495 
3485 816 
5408 1528 
3759 8364 
1777 1036 
8866 3736 
1236 2968 
5200 5895 
1984 2331 
2758 5719 
8726 1091 
4457 3381 
5604 5867 
6887 5697 
7772 2784 
4888 846 
9839 3743 
874 4077 
805 6507 
4085 9915 
199 7450 
6233 5036 
9501 9185 
3454 3202 
5219 4662 
985 4177 
7022 2932 
4586 7504 
1862 3634 
4136 7807 
4825 6112 
597 1149 
6726 3455 
4497 1877 
2195 925 
5356 9486 
673 7551 
6201 7512 
1395 4403 
3610 2471 
1211 2564 
1890 5732 
3577 1044 
7094 3760 
3883 9059 
1126 3666 
1707 4987 
7169 47 
30 2128 
6362 8062 
1581 8001 
4467 3501 
7815 8785 
8488 8400 
6648 806 
1802 5815 
8070 8485 
706 6373 
119 9227 
3586 2130 
1934 4868 
3328 7111 
2362 9912 
590 8555 
7615 2638 
4880 7125 
5030 5069 
7067 7220 
8867 3214 
8530 3892 
5883 6475 
3258 3361 
8320 8840 
2808 3174 
5785 1392 
1259 2034 
3836 7677 
2611 3049 
9110 9812 
1776 1526 
1937 5858 
8753 7151 
392 3198 
3857 9397 
9862 4434 
4794 8766 
3207 362 
1416 8671 
4250 4139 
7539 5082 
7240 2259 
6194 8294 
1223 3963 
2149 5586 
4925 4410 
2991 1562 
2527 8328 
9896 9642 
9561 287 
5248 3727 
4723 7681 
177 8673 
283 4834 
5035 2755 
3141 8444 
253 4820 
17 416 
5289 3261 
4414 5412 
446 4812 
2157 9084 
4875 3894 
4194 2662 
5946 563 
7172 6042 
782 5609 
5984 7041 
4802 7702 
2617 9832 
2751 2074 
4617 4211 
6083 7136 
3622 7533 
4843 1839 
5123 2853 
3498 5662 
3724 9878 
1566 8133 
8656 9174 
1753 1927 
625 1440 
5209 7132 
5621 8181 
6404 1638 
8526 4208 
1033 3213 
3425 6815 
762 9011 
3715 2823 
5801 9307 
931 1155 
5238 620 
7115 3314 
9197 4931 
7844 2737 
7923 4060 
2240 1279 
1970 6234 
5765 3508 
9149 2348 
3099 9705 
7776 1695 
4129 4732 
9412 478 
1496 222 
4426 2155 
5252 5629 
1095 5458 
40 2212 
9418 9996 
5674 1543 
9194 9445 
4354 7077 
8684 2841 
6297 2015 
7717 3621 
4634 7290 
4726 7751 
8698 3408 
3842 8146 
2108 2586 
2646 4385 
79 916 
3323 9563 
572 5605 
8939 3044 
1827 1493 
8043 1723 
9614 2333 
5346 9062 
5405 4071 
9679 4454 
7004 4682 
7063 5081 
8542 1004 
9455 7358 
3160 3080 
4665 6940 
7737 7156 
9304 4422 
9595 6843 
5207 5054 
457 1665 
5707 6445 
2508 3396 
8977 6899 
3514 1466 
2095 3618 
1361 6232 
9460 3452 
705 5359 
8477 8802 
5111 3544 
5261 6200 
8346 8943 
3870 8330 
866 3435 
1672 8680 
4437 4213 
104 1261 
4116 3626 
5086 8367 
1914 2955 
2600 4105 
8495 3808 
5657 4154 
9945 7478 
773 8841 
7476 8988 
5564 902 
663 3662 
7731 8310 
5608 3953 
8682 8732 
4529 9824 
2939 3510 
4938 6396 
5503 558 
7377 8814 
3558 2599 
8359 5770 
5795 9939 
8744 7544 
3925 8934 
1850 5791 
7168 3678 
6565 5145 
7949 2920 
1915 823 
6269 1445 
3520 4551 
4508 1304 
3534 5310 
4751 5001 
5543 7692 
9749 898 
5358 4716 
2496 4465 
3812 8580 
3307 3488 
1563 7095 
8250 2486 
8490 1307 
3921 6886 
9846 6563 
1986 9971 
8361 497 
9362 2570 
6975 5229 
1540 929 
1337 1110 
1230 9456 
967 5557 
3771 1770 
6993 6209 
6236 8234 
5173 2023 
4232 7547 
9459 7295 
8417 9356 
279 2167 
7274 8845 
5323 4977 
1541 2040 
5191 5247 
2558 3193 
3902 5329 
4904 1488 
9641 1137 
5612 9048 
3483 9158 
2930 3901 
560 8373 
4810 2525 
5812 7364 
6460 2653 
81 677 
4722 5079 
3345 6881 
4889 8970 
1554 9645 
6951 1485 
2927 3385 
9434 949 
6304 7428 
910 3089 
293 4199 
1157 3311 
7242 9835 
5499 9269 
3740 8260 
3582 1208 
8661 5910 
1539 1189 
1244 3881 
1669 484 
1141 9799 
4637 3144 
5279 6572 
5511 7961 
3939 5513 
209 8523 
6778 1111 
3957 5134 
316 8305 
1415 3101 
7447 9668 
8999 157 
8521 3466 
6824 7796 
3926 8545 
3419 4702 
716 3813 
2221 4332 
1132 3839 
4677 5831 
1516 9550 
5400 3479 
559 794 
6924 259 
778 8712 
4835 9711 
1864 3761 
3643 5239 
9046 5380 
4801 4581 
6652 1935 
757 1876 
9394 3956 
22 795 
9154 9712 
9419 536 
6171 4550 
7605 6730 
3061 4536 
521 743 
1711 2051 
1176 7237 
5099 752 
8982 4994 
6665 9867 
9160 2651 
6867 323 
7465 6076 
5687 3372 
4652 4280 
4830 763 
8552 2032 
2668 7726 
7945 3188 
9359 8492 
9632 7032 
9092 3086 
7900 4864 
7929 2267 
4517 4595 
8687 9636 
426 3304 
6780 3152 
4219 3549 
7888 3553 
6069 7101 
7072 8623 
3386 1389 
4458 5931 
1398 9543 
6522 6930 
5338 3173 
9277 1503 
8169 1685 
1975 4288 
7142 3935 
3934 2514 
73 6599 
8590 4757 
7852 4028 
6211 6647 
988 4781 
2852 6944 
7382 2306 
5959 1011 
1818 3910 
5156 1895 
3260 1001 
3038 4064 
4511 33 
6660 1904 
5689 3561 
5301 4388 
8637 9317 
3222 5723 
8267 6372 
9724 1066 
72 9594 
1431 7209 
8010 2643 
3547 4968 
4676 7 
7935 936 
9830 3376 
1329 9516 
7393 4152 
2401 7076 
1268 8626 
5652 8510 
6788 374 
3827 3775 
8829 680 
4331 6559 
5684 7262 
899 5879 
6532 9804 
2117 3362 
3763 4717 
277 522 
881 3503 
438 9018 
5098 6054 
1013 347 
6082 6340 
4218 8186 
9872 7397 
2323 2126 
6154 2477 
8326 9566 
6342 8961 
7106 6294 
5666 5542 
3443 183 
575 4876 
6837 8655 
1060 1183 
2138 6401 
7819 4542 
4021 976 
9953 6936 
6044 5374 
5211 6593 
7178 9308 
633 4110 
2422 1039 
7036 9133 
9782 5987 
4862 2056 
3683 2831 
825 3690 
4106 9905 
1963 7415 
8123 9107 
9389 3853 
3489 6798 
6830 4270 
7181 720 
5911 2649 
5337 8835 
7995 5070 
5264 7161 
4936 3177 
2953 5900 
8334 7839 
325 2934 
7267 5673 
9485 2715 
3176 1580 
9284 8099 
585 8702 
6747 4879 
9690 3556 
7941 427 
4131 6266 
7122 4765 
3252 5703 
7086 4727 
6010 748 
8190 8151 
7416 1056 
5253 6541 
6199 6461 
6390 7468 
9462 3528 
9494 692 
3306 982 
9423 5746 
6253 7919 
6002 164 
3999 9685 
1003 2279 
7587 4905 
5545 5668 
2608 9569 
2749 797 
8357 7580 
6989 4512 
6067 7409 
4065 9990 
394 3211 
2284 3267 
5287 2786 
4973 6844 
566 5198 
1612 7486 
8640 5448 
9053 2487 
6334 1583 
2644 24 
9249 5084 
7534 7622 
7887 4707 
4121 2147 
9482 276 
321 6137 
9794 1271 
6066 3785 
1708 3846 
8614 1886 
7678 1483 
3041 3034 
9440 6224 
4922 9989 
2942 9849 
8621 9332 
1272 790 
6377 6884 
3400 2379 
5418 46 
912 344 
3444 3349 
8391 3805 
4145 1740 
7259 7550 
8584 7349 
4453 1880 
7481 4976 
3799 7078 
9109 6244 
6021 7680 
280 1411 
7107 1005 
7676 920 
7069 8333 
9684 6501 
2540 6101 
8166 5155 
5428 3970 
9744 3611 
2824 4484 
5781 8973 
1207 9552 
3132 6901 
6183 2445 
831 4169 
4417 7013 
7965 8051 
7221 3025 
9213 7088 
3040 9090 
1729 5659 
7247 7291 
9487 5215 
4495 1593 
7895 6733 
1245 8276 
8761 5251 
9760 3695 
6418 1622 
1865 2529 
8869 3507 
3860 1932 
3559 264 
6661 628 
4098 824 
7640 7429 
3280 1649 
3627 1730 
6263 2583 
7099 9702 
9973 712 
2663 1556 
7549 4406 
4499 8935 
353 4200 
7045 9392 
8641 4985 
7728 6392 
607 624 
4505 8289 
7947 6831 
8773 196 
2896 6168 
3397 9165 
2399 7768 
3673 3282 
175 3367 
5942 6110 
8942 1841 
1783 4305 
6833 7843 
2731 9377 
688 2063 
2320 7557 
6575 8428 
6805 2519 
5669 7867 
4425 2781 
2792 4231 
5044 9715 
8471 8948 
3828 7976 
737 6659 
110 5787 
8807 8414 
1441 3210 
8102 543 
503 4383 
5889 5327 
4675 3281 
6656 3178 
3237 4690 
9978 8454 
8370 9815 
1334 632 
8541 6014 
4519 8257 
163 3116 
6725 7548 
4916 5650 
1258 3474 
1064 8224 
45 90 
9957 7228 
2732 3565 
1255 7894 
4766 5312 
4480 7614 
9697 4402 
4806 862 
3046 6413 
2553 7804 
3453 2237 
5864 8143 
7489 9541 
2725 5413 
302 518 
2530 9771 
1289 2099 
3394 9928 
1704 1532 
528 5974 
3573 3423 
3995 7379 
2522 7756 
3904 8730 
736 6857 
9409 1509 
3426 197 
8972 2030 
9722 650 
9838 6834 
1479 7380 
2396 2739 
9116 9166 
6893 9319 
6412 5460 
4838 9424 
7988 1767 
7199 9831 
2973 7781 
8171 5203 
9692 4860 
1680 4793 
9325 3441 
4932 475 
2467 9290 
9950 4891 
576 5266 
571 6386 
3601 5223 
1821 7720 
875 3917 
2779 5510 
6299 7986 
4770 734 
7212 6796 
5571 7561 
666 2555 
4747 3117 
3026 5234 
109 5270 
9797 5774 
2814 4772 
608 6443 
8695 8692 
5824 4786 
2238 1246 
1186 8956 
89 3652 
3802 4344 
9669 5378 
4279 5963 
9900 3325 
8548 379 
7258 3335 
4175 8453 
396 6203 
8825 5449 
181 1420 
7840 1320 
3930 6516 
5495 342 
5114 6016 
707 2913 
6519 8965 
2230 9328 
29 5125 
9920 2528 
8139 6582 
7443 128 
3570 4851 
4134 3000 
6515 8219 
2987 8928 
3102 8104 
3526 8752 
9517 9736 
6505 9784 
8210 4025 
8703 6552 
2491 4960 
5756 2835 
3497 5583 
3616 4424 
1046 1086 
144 2119 
6354 1324 
2308 2461 
9038 9209 
1460 96 
4222 9661 
3192 791 
4079 6078 
5292 3186 
9654 3450 
6369 471 
2298 48 
1055 1815 
4740 2277 
9431 883 
9500 145 
4450 3195 
4579 9340 
7906 5115 
2253 6155 
6265 7953 
4271 4961 
2391 8880 
3711 6004 
9980 9884 
4950 3309 
9256 6049 
9646 4997 
7513 3146 
8587 6775 
5032 7607 
1049 5614 
1063 9809 
6483 9408 
2684 5362 
4382 870 
2980 7879 
4970 3538 
9140 9153 
2184 1538 
1878 288 
9270 1574 
4918 8920 
289 3066 
7620 7820 
5478 9899 
9124 601 
1710 5305 
7833 1618 
5857 2011 
7503 3725 
3689 8565 
5950 5992 
3950 5855 
1604 1158 
2211 502 
49 7522 
759 6858 
4648 2280 
188 3255 
4360 2788 
3650 2215 
3432 6428 
6985 1519 
8625 891 
1951 3248 
4964 4948 
6804 4185 
9253 9650 
5088 7241 
5041 6036 
7140 6368 
1925 1610 
7302 7903 
6956 7121 
6853 961 
4878 1303 
7936 2702 
5381 2405 
6632 8406 
9580 2125 
58 4540 
7201 2983 
9300 6868 
3042 8432 
5930 3624 
3767 7002 
7215 9515 
9639 2425 
9374 3012 
341 6086 
1810 3163 
4117 2069 
8369 7597 
1848 5482 
4087 4032 
8647 2265 
6907 6707 
3772 6776 
8425 4468 
1156 219 
9343 1991 
8456 4967 
4306 305 
2341 1863 
3251 6118 
3303 5340 
9741 3206 
9010 8350 
462 6052 
1803 431 
2557 5613 
7400 7803 
8423 6716 
9044 968 
4805 3056 
4167 7482 
2858 8421 
7566 896 
1401 3209 
1930 6226 
422 8407 
4039 1144 
2736 8583 
2793 3391 
3005 1114 
4915 3156 
5792 129 
4096 844 
7806 2127 
9235 4377 
151 6258 
5966 7985 
7602 1210 
1639 8971 
3651 4019 
9902 2385 
1121 406 
21 5548 
2746 3751 
9326 6046 
485 4310 
8710 3840 
8014 5277 
3786 3898 
1573 7131 
9828 747 
1203 5369 
7922 9710 
1642 9371 
7823 3008 
3179 9864 
7871 2794 
5180 8666 
9075 4224 
4442 6437 
9808 7538 
4001 6795 
4720 2776 
225 5842 
9844 5665 
4343 8705 
4408 6680 
7331 9555 
3085 4775 
7835 8981 
339 1181 
5706 7375 
5600 636 
9863 2541 
272 8631 
8860 7024 
1165 1499 
4946 6845 
52 4056 
1127 964 
6328 4646 
2618 554 
7017 8170 
7827 4392 
3670 8723 
6919 8479 
5258 3143 
2568 9068 
7234 8863 
6763 4674 
5656 6674 
3342 5222 
9554 4081 
7391 9772 
5127 868 
7502 8314 
9435 9355 
894 4995 
3944 3829 
2744 2775 
7641 5973 
1845 606 
3045 6120 
1099 1202 
5565 971 
7627 8893 
5814 8936 
5427 6080 
9180 3938 
5939 4507 
4509 7250 
3677 4949 
4269 3149 
6639 1042 
4439 2634 
4561 4629 
978 5177 
1232 986 
483 9640 
2162 8585 
610 8894 
2354 3249 
8536 6773 
2969 1671 
4698 5851 
9510 3122 
4285 9601 
5120 2144 
5747 6388 
8292 7984 
9301 1550 
7141 1384 
2576 5588 
2012 2353 
3732 4560 
7960 3632 
3201 1590 
1572 5019 
7402 5344 
2556 1733 
1330 3567 
6550 370 
41 5808 
9805 6896 
704 5537 
812 5576 
4965 1561 
1955 8782 
7571 1088 
7812 8074 
9471 538 
3804 4234 
950 525 
7487 9776 
996 365 
6618 7738 
5927 799 
4599 9380 
1856 7662 
3170 493 
9825 5185 
7958 6167 
9696 9547 
5626 1648 
513 1813 
9735 1962 
3710 1343 
8605 357 
8758 4928 
7227 7458 
7564 1387 
5754 4252 
6981 3614 
1175 7957 
5611 9275 
8722 2340 
3633 3135 
9958 5051 
1480 7043 
9451 2959 
5527 5043 
1558 7967 
8887 3937 
8093 1998 
1491 1204 
5632 8831 
3833 2178 
2478 1718 
5692 7926 
5250 6335 
8312 1800 
3113 4137 
5357 2114 
623 1523 
1428 8883 
4668 9629 
5245 1455 
4858 9289 
1273 6556 
4433 8995 
6324 8282 
3297 8002 
1439 2900 
1355 7383 
4193 5811 
5914 3293 
2367 7942 
1768 245 
6888 1987 
9814 907 
8122 501 
7589 7637 
4072 9259 
7734 5578 
6974 1973 
4230 3359 
4051 5486 
9352 2387 
2202 7660 
1898 9689 
9098 5549 
3294 5630 
2223 442 
2630 4017 
9660 9956 
847 1373 
689 546 
3271 5616 
8672 207 
6145 4242 
2370 317 
3470 7899 
7431 2394 
5750 3301 
4768 7837 
8028 5273 
639 1673 
1103 8155 
7650 6230 
1749 330 
7861 2517 
5633 1885 
3780 1715 
1048 3612 
1698 9622 
6469 5540 
6407 4323 
3779 4401 
5580 8861 
6459 9083 
4481 9819 
2305 1974 
9539 1725 
1393 723 
5441 4291 
9430 1327 
6055 